image_width: 640
image_height: 480
camera_name: camera
camera_matrix:
  rows: 3
  cols: 3
  data: [519.739098, 0.000000, 325.018095, 0.000000, 516.055847, 230.708860, 0.000000, 0.000000, 1.000000]
distortion_model: plumb_bob
distortion_coefficients:
  rows: 1
  cols: 5
  data: [0.062840, -0.165118, -0.000647, 0.000771, 0.000000]
rectification_matrix:
  rows: 3
  cols: 3
  data: [1.000000, 0.000000, 0.000000, 0.000000, 1.000000, 0.000000, 0.000000, 0.000000, 1.000000]
projection_matrix:
  rows: 3
  cols: 4
  data: [518.896790, 0.000000, 325.236961, 0.000000, 0.000000, 517.976135, 229.965013, 0.000000, 0.000000, 0.000000, 1.000000, 0.000000]
